0.000703916878560919
2.490927509135046e-05
6.344942527759596e-05
3.806354049911723e-05
1.9422504119162252e-05
2.338622489695015e-05
1.8182969851209725e-05
3.162346772532662e-05
1.4897769350550862e-05
1.3120736555777991e-05
4.8945306745820754e-05
3.4195400746429775e-05
5.023708718143951e-05
1.6767612321518665e-05
5.4307016327845895e-05
6.801424209657097e-05
6.844979724896318e-05
2.4265598227166262e-05
2.4764858950934937e-05
3.5251494486848026e-05
3.742098807944512e-05
1.8435628723267536e-05
2.2188196274778512e-05
1.5533958183727612e-05
2.706852822718406e-05
5.5014690453286076e-05
4.849156111369309e-05
7.111843772592046e-05
4.885424001538957e-05
2.7969905747386326e-05
4.9957612655564447e-05
5.331085086494341e-05
5.3409690697721426e-05
6.479967502167316e-05
6.515631361037085e-05
2.078222993643175e-05
2.1151453008529426e-05
2.2274913306653392e-05
2.347735431180043e-05
2.7383487698786925e-05
3.19881180444998e-05
5.0143766392202593e-05
1.3602941467129518e-05
5.400634852720138e-05
3.788402051376419e-05
6.73350363672375e-05
2.304745403854197e-05
2.3500188970884424e-05
3.0290599061550752e-05
3.207989733361606e-05
6.70284101414236e-05
1.3726088780538871e-05
2.3159859656079675e-05
3.886297489946846e-05
3.072889460687346e-05
2.4933421549569943e-05
6.983574132467122e-05
3.817163619092374e-05
2.6397794176499515e-05
2.359173736677986e-05
4.508548335819594e-05
3.2449499973381314e-05
3.9231549658507536e-05
1.4229314687217205e-05
2.5668167185767006e-05
4.302169416700409e-05
4.155199635390699e-05
3.4033101070195396e-05
3.0611435277225703e-05
1.6520247951054858e-05
6.907654940347985e-05
6.527560100903331e-05
2.549492219118047e-05
2.127589786522389e-05
4.07389696545719e-05
2.389159943951362e-05
2.8816339729193307e-05
3.367859045328749e-05
5.809312067965153e-05
1.598814219898056e-05
1.4603564701367424e-05
5.960990212788188e-05
4.628146112278185e-05
1.587737525520209e-05
4.245993986266603e-05
5.846888751842721e-05
3.269812526519202e-05
1.4912625854625505e-05
1.4574448639071565e-05
4.90822056411533e-05
4.6022699271933375e-05
5.0659051225821156e-05
4.174780926588026e-05
5.5679551138444405e-05
3.105410059978344e-05
1.2718521692965609e-05
1.2390214711312662e-05
3.129264715490323e-05
2.9038660678084573e-05
1.2692977566992212e-05
5.9390969889560726e-05
3.1113576146519096e-05
1.5689176339102556e-05
1.2465257380763092e-05
5.6560355679706866e-05
2.9544806447854754e-05
1.3386592135346886e-05
6.241113832908065e-05
3.6200680146444765e-05
1.841747217497695e-05
2.0022654470612344e-05
1.548767680934525e-05
1.992468538094641e-05
5.455877127772533e-05
1.9633488174103812e-05
6.939193579823027e-05
1.8783834324372217e-05
2.586752088035716e-05
1.6438563048061325e-05
4.2499835470533766e-05
6.438590727453736e-05
3.279182129920165e-05
2.035916420892805e-05
1.4705905097173217e-05
2.0945571190827516e-05
4.719792667886873e-05
2.2801971551955847e-05
4.5043311523986175e-05
2.9346992157422158e-05
3.912063355368793e-05
6.12199242604897e-05
2.5445626552451084e-05
1.7307079770114036e-05
4.0509437349250695e-05
1.2821186011678279e-05
2.832196842774473e-05
3.201868363208311e-05
5.526952017321421e-05
1.3643873851852849e-05
1.24151812454879e-05
3.8207732196844756e-05
2.920646102053224e-05
2.3660619414625854e-05
6.038213521259378e-05
3.272932923367821e-05
1.6553029286704567e-05
1.461814337105483e-05
6.563469133338705e-05
4.6411353783400484e-05
2.1653393878229055e-05
4.2820270779431666e-05
2.5176103594810394e-05
3.355054155374757e-05
3.9268587353733424e-05
1.5798700940252923e-05
2.574275441229485e-05
5.766644497494923e-05
4.190508364469816e-05
1.4257777671641809e-05
3.141256660455972e-05
4.326457733506791e-05
1.2846974481545726e-05
3.462079586702161e-05
3.2202655487313334e-05
1.7427256215337196e-05
1.3891928023230395e-05
1.3094427808832005e-05
4.020528492203402e-05
3.400072826274333e-05
2.7675232624989643e-05
1.6471191058931844e-05
5.170456212516565e-05
6.474041327690042e-05
5.917279136126636e-05
2.0721287710478604e-05
1.5503089417642162e-05
2.2080248137381873e-05
5.471034916886417e-05
2.6679630826255236e-05
6.996302995222925e-05
4.6498138987701144e-05
2.655117334572504e-05
4.3062085526448e-05
4.585094683090464e-05
3.41303936513682e-05
4.12793080398487e-05
1.6668249129814404e-05
3.0001681107923587e-05
6.69061260522105e-05
6.521593177084771e-05
2.3025034791601817e-05
2.1213589262573844e-05
3.0203649620237142e-05
2.3683622241089163e-05
6.647977448948426e-05
3.2823109443111685e-05
2.255895851011654e-05
1.4749972751320382e-05
2.8431132939326217e-05
4.759589043248493e-05
5.5885634571675816e-05
4.619505575268813e-05
1.2872812082588234e-05
4.2221304281586636e-05
3.2387622366314063e-05
3.214122122385636e-05
1.4144248145262263e-05
1.380877266858447e-05
4.2300709083003636e-05
3.9528773245408565e-05
3.232585587332669e-05
2.6270616811144814e-05
1.4059663223259181e-05
4.445678262155941e-05
4.159108974896533e-05
3.7598443934481645e-05
3.069949003845644e-05
2.2515037816489622e-05
6.964521468228992e-05
2.826753442973179e-05
2.616929114656657e-05
5.496385690225124e-05
4.395976126339956e-05
7.092463803211042e-05
3.6338224864443394e-05
2.772859095792632e-05
2.025964023026982e-05
5.199319536425731e-05
2.064029393459387e-05
6.016054600463262e-05
2.182319204594604e-05
1.6357260281248343e-05
2.5767662211992286e-05
6.350757962155811e-05
4.202340465279367e-05
1.94798317784177e-05
3.1683969678255465e-05
1.8345014862131963e-05
1.3199963516366422e-05
1.530385281926489e-05
3.4785731615369774e-05
5.2770291539191685e-05
1.7687439303894506e-05
6.287061870662985e-05
1.369863182117338e-05
1.8857928520958904e-05
3.8643395541836395e-05
1.6635252006005957e-05
2.450214523259933e-05
6.654052573204267e-05
3.6269391163468744e-05
2.2624991219353462e-05
2.0140818082119127e-05
2.867820472149421e-05
2.027950818652417e-05
5.729551517250489e-05
2.0701011171183475e-05
1.3961586117610454e-05
2.2015717448892717e-05
4.077734369038089e-05
2.644882749361636e-05
2.8899521449594928e-05
4.5339294151670606e-05
5.8576667172625905e-05
3.990328025076337e-05
1.5002059757017849e-05
2.704243635036846e-05
4.991117566370674e-05
4.8356209289518735e-05
5.326149531128225e-05
4.844640437358617e-05
6.462204201431388e-05
4.871793807518864e-05
2.0599909266256205e-05
4.954113539307367e-05
2.1695726086310534e-05
5.208974188534826e-05
2.5322780479652545e-05
6.049321638460126e-05
3.99409138614656e-05
1.665174283750024e-05
2.7120783200359016e-05
6.67230914604352e-05
4.876333234409035e-05
2.2824185748193438e-05
4.9679597721139324e-05
2.943161640982175e-05
5.252628626852237e-05
6.172781230295979e-05
6.201167526640657e-05
1.777498007762759e-05
1.804006661449801e-05
1.39058332627717e-05
1.4545387531746958e-05
4.031908963293436e-05
4.576529651182882e-05
2.7916109785901685e-05
4.104691479884681e-05
5.301535979241577e-05
2.9488160256887323e-05
6.374069658406652e-05
6.206859440566396e-05
1.9710745120898877e-05
1.8093530458485684e-05
1.9006946335459408e-05
1.4676595924559065e-05
1.7035326727685125e-05
4.693435546817535e-05
7.105378284061857e-05
4.429052527186234e-05
2.7889248392512715e-05
3.717387301025108e-05
5.286819104307106e-05
2.173813642714643e-05
6.321730630263121e-05
2.5470263123432776e-05
1.919478371910827e-05
4.062405111690141e-05
1.7548221388985546e-05
2.8568146269662393e-05
1.3373179076650634e-05
5.666483427968759e-05
3.609784320889734e-05
1.3467338427147105e-05
1.984663634978549e-05
3.682351305543271e-05
1.9403430350532784e-05
2.111012436839684e-05
1.8129256195039615e-05
2.334078547185747e-05
1.476468972382281e-05
3.1442614021363195e-05
4.772924359278137e-05
1.2885749334732913e-05
4.658507655844656e-05
3.2480480502784975e-05
4.330518290338642e-05
1.4272029368217866e-05
3.471966877514158e-05
4.3386501480510906e-05
1.7582928412538544e-05
3.491821234399946e-05
1.345384875743921e-05
1.789822553363145e-05
3.6719012305199095e-05
1.4200905501539997e-05
2.092508742858476e-05
4.278009258044122e-05
2.2735451344220273e-05
3.3454805787841286e-05
2.9094492924646555e-05
1.5658015788538992e-05
5.971965163958071e-05
5.624800246018678e-05
1.5972273713074886e-05
1.3147095363099388e-05
5.94456321950007e-05
3.439112196202075e-05
1.5736027196066962e-05
1.7069073833929278e-05
5.703193595980372e-05
7.144253869043548e-05
1.3753597846398398e-05
2.8376501208620103e-05
3.90837270889422e-05
5.557677683710699e-05
2.53718516287759e-05
1.2642035050429348e-05
4.016741717236467e-05
3.075832570304126e-05
2.7595376573040836e-05
7.002675565356812e-05
5.127442966729608e-05
2.6628177673285833e-05
5.771961833306807e-05
4.623823948459854e-05
1.4300573229850079e-05
4.234046408770458e-05
4.363131884629953e-05
3.2418547268974076e-05
3.552027304075863e-05
1.41867210534348e-05
1.8876495181485294e-05
4.2659770418446716e-05
1.6684770896516898e-05
3.316913915573697e-05
6.708963061802023e-05
1.5243038336540966e-05
2.3227551170237743e-05
5.218645657787962e-05
3.0994732147896036e-05
6.082760982583318e-05
7.157256560158092e-05
1.6951234795065254e-05
2.854069391939588e-05
7.009053567013664e-05
5.6508184131200645e-05
2.6705392542679107e-05
1.3346391134214683e-05
4.6628602558672013e-05
3.589299334258436e-05
4.34272145478879e-05
1.9498976500602203e-05
3.501788433342707e-05
1.8399332529430635e-05
1.8057871280387346e-05
1.5441525930009832e-05
1.4588999794765539e-05
5.4106397226918005e-05
4.615190989624128e-05
6.770472106941853e-05
4.210245966903234e-05
2.3914814100452807e-05
3.186613024554386e-05
3.3774928874011e-05
1.3440371884665718e-05
1.6131631273450968e-05
3.6614790582640354e-05
6.110759319802465e-05
2.0741583006975586e-05
1.7204695501704016e-05
2.2144957368867986e-05
1.2591286269807115e-05
2.6912332260408493e-05
3.0406898492481954e-05
4.768475361404995e-05
6.776651959420622e-05
4.6454727355220907e-05
2.398458585568595e-05
4.294101821728427e-05
3.406550288800032e-05
3.383929853610206e-05
1.6569443017242462e-05
1.622796652124134e-05
6.58149293219837e-05
6.212556248430438e-05
2.184450499428638e-05
1.81471440590421e-05
2.5842522054129412e-05
1.4808924076715426e-05
4.238025420004041e-05
4.813141073350073e-05
3.251148888045235e-05
4.777377253892546e-05
1.431486541883661e-05
4.671576914389982e-05
4.3754213652768296e-05
4.3672247703971976e-05
3.582495346328251e-05
3.562156123251908e-05
1.938437428184e-05
1.904437428764078e-05
1.8075692556884676e-05
1.713675779737391e-05
1.4632735816015214e-05
1.2440195440181757e-05
4.654158871178674e-05
2.9375174734457e-05
4.318347349265383e-05
6.138878364973362e-05
3.442384449299318e-05
1.7461736999802838e-05
1.7119813053008945e-05
1.3173504320133825e-05
1.2402692026165494e-05
3.458789716013628e-05
2.9122446966288393e-05
1.7375655726889263e-05
5.988463099496796e-05
1.2976655556747088e-05
1.61156280893315e-05
3.313754055825744e-05
6.09394586319513e-05
1.5197577629284504e-05
1.70521923860528e-05
5.175256303645568e-05
7.124791267444648e-05
5.933635469096371e-05
2.813188051631878e-05
1.5642457480739994e-05
5.420661973404998e-05
5.609243301838151e-05
6.807630503121383e-05
1.3028874370658696e-05
2.4336335131836933e-05
3.351860101361446e-05
3.555400562161167e-05
1.5751673541748395e-05
1.8932298870588462e-05
5.718994675115319e-05
1.6834165388547877e-05
1.3878035949945122e-05
6.876250497621509e-05
4.0091782238462155e-05
2.512738964701184e-05
2.7436315657249203e-05
3.904685336429797e-05
5.0424217916946854e-05
2.5298278487847607e-05
5.491306739971144e-05
3.982811301749322e-05
7.073133257802122e-05
2.6886382360855376e-05
2.7489239680564655e-05
4.755151716653949e-05
5.070614086995577e-05
4.606573168661631e-05
5.583404677028239e-05
4.1865712932141104e-05
1.2834074110697145e-05
3.132258652995476e-05
3.211054549362255e-05
1.273131201088659e-05
1.3767371948228767e-05
3.1382546232156185e-05
3.9194544811453145e-05
1.2808310173536386e-05
2.5593783813155477e-05
3.192706928068899e-05
4.1201706569367164e-05
1.352142530336005e-05
2.9829578606850487e-05
3.724432023427729e-05
6.415058078149965e-05
2.186583759387534e-05
2.0121078507509395e-05
2.5917586967345103e-05
2.021995946551241e-05
4.2739949806591015e-05
2.0519363723181542e-05
3.335932722778961e-05
2.1442900130824846e-05
1.5518516538170048e-05
2.4454662482542833e-05
5.486232191036553e-05
3.606362535175033e-05
7.05385202014768e-05
1.9788289224931823e-05
2.7251837020536155e-05
1.9232561089836138e-05
4.9449028480008e-05
1.7652537256381825e-05
5.18006057542179e-05
1.3616572657241696e-05
5.950034164482043e-05
3.7991636711805874e-05
1.578301040086985e-05
2.325015647199972e-05
5.7507200272971537e-05
3.1083824975066003e-05
1.413011728164517e-05
1.2427682379937757e-05
4.2181654427463685e-05
2.9290703417311716e-05
3.204927672078196e-05
6.088351016395654e-05
1.3684922852496235e-05
1.700164272419555e-05
3.853404386525024e-05
7.066700705676643e-05
2.4289155612976258e-05
2.7409889680073954e-05
3.5352061382689773e-05
5.028380867130404e-05
1.8599800715774504e-05
5.4457938242890746e-05
1.5956420127922815e-05
6.901363332945592e-05
5.9281786561699715e-05
2.542101245909528e-05
1.5595870272592945e-05
4.039512760137438e-05
5.5628141732903e-05
2.8077790947168447e-05
1.2680223737205573e-05
5.3906473356056976e-05
3.102440299820864e-05
6.696724196656144e-05
1.2352854087125459e-05
2.309235435593856e-05
2.8788662664715455e-05
3.0465205822891747e-05
5.793277169784833e-05
6.813842097288026e-05
1.4472974553809271e-05
2.4407266554972958e-05
4.512769227476928e-05
3.585895821926868e-05
3.9342761396993316e-05
1.944159560309692e-05
2.5892542511630622e-05
1.823683391835301e-05
4.261973374627401e-05
1.5031983690499701e-05
3.307442836264284e-05
5.019040643270296e-05
1.5107040853218338e-05
5.415648673711353e-05
5.089491049194244e-05
6.789027508149082e-05
5.645605770220494e-05
2.4124705983396612e-05
1.3306304488151373e-05
3.465372402214593e-05
3.558776834385567e-05
1.7479001571931163e-05
1.898825843695162e-05
1.3213211982186477e-05
1.698482435146112e-05
3.488504771929535e-05
7.047435878156758e-05
1.784530745572417e-05
2.717313326711908e-05
1.407372737310456e-05
4.903653279307989e-05
4.170857743940168e-05
5.051802839045303e-05
3.096508802641733e-05
5.5218465849292076e-05
7.137760814832649e-05
1.2377749290280392e-05
2.8294739091305925e-05
2.8955101580756756e-05
5.511648984217248e-05
5.890112445301124e-05
7.15075244937375e-05
1.527341693490672e-05
2.8458485963114057e-05
5.247761239648003e-05
5.6040666248902225e-05
6.184121109682073e-05
1.298969164319623e-05
1.788056971282799e-05
3.323242146834424e-05
1.415839238718299e-05
1.5334346090803473e-05
4.2420079448768186e-05
5.306450137760426e-05
3.260468133597411e-05
6.391605998103879e-05
1.4444105024306534e-05
1.9885624689651194e-05
4.487499440710853e-05
1.951813899968907e-05
3.867991090073368e-05
1.845380218903269e-05
2.4573532474425195e-05
1.5580370398721453e-05
3.6580111894900584e-05
5.547418043223596e-05
2.0680753372892298e-05
1.2565984314296441e-05
2.1951364843309966e-05
3.0232606608317845e-05
2.6219907822925958e-05
6.666218417648509e-05
4.420761579045769e-05
2.2757604367466028e-05
3.6963282631649006e-05
2.9178430992887833e-05
2.1359244871737335e-05
6.0215871759561266e-05
2.4171584078414265e-05
1.640599617890365e-05
3.485191273937482e-05
6.403321982904746e-05
1.7792537315978635e-05
2.0003024319926415e-05
1.3947628095964396e-05
1.986612148362408e-05
4.0662323395691714e-05
1.9460704817717766e-05
2.8650652708871813e-05
1.829084879037523e-05
5.713723094503015e-05
1.5167341804282295e-05
1.383643861078473e-05
5.1465183488196055e-05
3.975307891907025e-05
5.836129375559018e-05
2.6731177712236368e-05
1.4823696713833417e-05
4.675940979099949e-05
4.826617185400029e-05
4.3795250802855755e-05
4.817629181178343e-05
3.592705885842891e-05
4.790759349808932e-05
1.955651739030221e-05
4.710991558295845e-05
1.856319907697469e-05
4.479105755869949e-05
1.5861610799761937e-05
3.8461304480614234e-05
5.830756649081529e-05
2.414813429792508e-05
1.477942059402276e-05
3.4752685422074636e-05
4.7862947459930516e-05
1.7635110660346788e-05
4.6978187815365273e-05
1.3575717843799967e-05
4.441516341123125e-05
3.766964764990572e-05
3.7491875677785936e-05
2.2647042636950904e-05
2.2318391707100338e-05
2.876101065282077e-05
2.7542259931491592e-05
5.777283764769651e-05
5.0989542395007884e-05
1.434349037305011e-05
5.6769493791282004e-05
4.400097949143128e-05
1.3548545819784403e-05
3.644170589357241e-05
3.7456416105402815e-05
2.0439115713153345e-05
2.225320410331545e-05
2.1192858050064225e-05
2.730442552727967e-05
2.361467699549875e-05
4.972583248304957e-05
3.254252512966827e-05
5.2672562112346585e-05
1.435782316226634e-05
6.252571260467094e-05
4.412485212037824e-05
1.852666552185814e-05
3.675381485130199e-05
1.5767334605693942e-05
2.098659554036058e-05
5.7348367860646973e-05
2.293556347041972e-05
1.4003539578611095e-05
2.9858197615883965e-05
4.112424223066106e-05
6.43269999780428e-05
2.965840655162612e-05
2.029939454658098e-05
6.310154530340403e-05
2.07618970768854e-05
1.9081871880855385e-05
2.2209845604533146e-05
1.7238759784727145e-05
2.7146946336968607e-05
1.266748204841118e-05
4.889975348211653e-05
3.093547061136138e-05
5.009716702707033e-05
7.118314765613112e-05
5.385660075667154e-05
2.8050782935955564e-05
6.678405084029733e-05
5.375698535643991e-05
2.289095096312755e-05
6.641907517870583e-05
2.9686870812308154e-05
2.2493107751377885e-05
6.327526136517846e-05
2.8186068285970747e-05
1.925147611083306e-05
5.4508332894455214e-05
1.7704914783843617e-05
6.920254262967605e-05
1.3739836794366189e-05
2.564335010347954e-05
3.897320402746717e-05
4.1434923277351806e-05
2.515173549635778e-05
3.0348696297532048e-05
3.915757278552248e-05
6.739651897187783e-05
2.5519603774849172e-05
2.3568818767944132e-05
4.085419371419132e-05
3.235672524216953e-05
2.906656416901275e-05
1.410189564188073e-05
5.9555098276583874e-05
4.1944489149974245e-05
1.5830126303600444e-05
3.1502790078867684e-05
5.798617520585644e-05
1.2963631863206571e-05
1.4516381282172076e-05
3.30429147172403e-05
4.550924622444028e-05
1.5061964106378848e-05
4.0357091782602365e-05
5.0471102700725235e-05
2.79968403567428e-05
5.506556808814232e-05
5.345917504584307e-05
7.131273282409261e-05
6.533532136530866e-05
2.8213199047870846e-05
2.1338379262941536e-05
5.465977937979491e-05
2.4101299116494518e-05
6.977217831324284e-05
3.455502787700563e-05
2.632141826814817e-05
1.7324199726990818e-05
4.470726819602854e-05
1.2859887135185831e-05
3.824386030121726e-05
3.229501423658921e-05
2.372969121805958e-05
1.4017550570152762e-05
3.301142934195922e-05
4.124049014906767e-05
1.5017014669695065e-05
2.9915513257975106e-05
5.005060830446242e-05
6.468120228782168e-05
5.370724248613576e-05
2.0660514299419833e-05
6.623728842759359e-05
2.18871898616325e-05
2.2296642502185344e-05
2.5992857475316413e-05
2.7462765650633818e-05
4.310251251443773e-05
5.0564995019167015e-05
3.422794797892066e-05
5.537176163905852e-05
1.6817503739956386e-05
1.249036715274221e-05
6.857472027220509e-05
2.9715360810160472e-05
2.490927509135046e-05
6.344942527759596e-05
3.806354049911723e-05
1.9422504119162252e-05
2.338622489695015e-05
1.8182969851209725e-05
3.162346772532662e-05
1.4897769350550862e-05
1.3120736555777991e-05
4.8945306745820754e-05
3.4195400746429775e-05
5.023708718143951e-05
1.6767612321518665e-05
5.4307016327845895e-05
6.801424209657097e-05
6.844979724896318e-05
2.4265598227166262e-05
2.4764858950934937e-05
3.5251494486848026e-05
3.742098807944512e-05
1.8435628723267536e-05
2.2188196274778512e-05
1.5533958183727612e-05
2.706852822718406e-05
5.5014690453286076e-05
4.849156111369309e-05
7.111843772592046e-05
4.885424001538957e-05
2.7969905747386326e-05
4.9957612655564447e-05
5.331085086494341e-05
5.3409690697721426e-05
6.479967502167316e-05
6.515631361037085e-05
2.078222993643175e-05
2.1151453008529426e-05
2.2274913306653392e-05
2.347735431180043e-05
2.7383487698786925e-05
3.19881180444998e-05
5.0143766392202593e-05
1.3602941467129518e-05
5.400634852720138e-05
3.788402051376419e-05
6.73350363672375e-05
2.304745403854197e-05
2.3500188970884424e-05
3.0290599061550752e-05
3.207989733361606e-05
6.70284101414236e-05
1.3726088780538871e-05
2.3159859656079675e-05
3.886297489946846e-05
3.072889460687346e-05
2.4933421549569943e-05
6.983574132467122e-05
3.817163619092374e-05
2.6397794176499515e-05
2.359173736677986e-05
4.508548335819594e-05
3.2449499973381314e-05
3.9231549658507536e-05
1.4229314687217205e-05
2.5668167185767006e-05
4.302169416700409e-05
4.155199635390699e-05
3.4033101070195396e-05
3.0611435277225703e-05
1.6520247951054858e-05
6.907654940347985e-05
6.527560100903331e-05
2.549492219118047e-05
2.127589786522389e-05
4.07389696545719e-05
2.389159943951362e-05
2.8816339729193307e-05
3.367859045328749e-05
5.809312067965153e-05
1.598814219898056e-05
1.4603564701367424e-05
5.960990212788188e-05
4.628146112278185e-05
1.587737525520209e-05
4.245993986266603e-05
5.846888751842721e-05
3.269812526519202e-05
1.4912625854625505e-05
1.4574448639071565e-05
4.90822056411533e-05
4.6022699271933375e-05
5.0659051225821156e-05
4.174780926588026e-05
5.5679551138444405e-05
3.105410059978344e-05
1.2718521692965609e-05
1.2390214711312662e-05
3.129264715490323e-05
2.9038660678084573e-05
1.2692977566992212e-05
5.9390969889560726e-05
3.1113576146519096e-05
1.5689176339102556e-05
1.2465257380763092e-05
5.6560355679706866e-05
2.9544806447854754e-05
1.3386592135346886e-05
6.241113832908065e-05
3.6200680146444765e-05
1.841747217497695e-05
2.0022654470612344e-05
1.548767680934525e-05
1.992468538094641e-05
5.455877127772533e-05
1.9633488174103812e-05
6.939193579823027e-05
1.8783834324372217e-05
2.586752088035716e-05
1.6438563048061325e-05
4.2499835470533766e-05
6.438590727453736e-05
3.279182129920165e-05
2.035916420892805e-05
1.4705905097173217e-05
2.0945571190827516e-05
4.719792667886873e-05
2.2801971551955847e-05
4.5043311523986175e-05
2.9346992157422158e-05
3.912063355368793e-05
6.12199242604897e-05
2.5445626552451084e-05
1.7307079770114036e-05
4.0509437349250695e-05
1.2821186011678279e-05
2.832196842774473e-05
3.201868363208311e-05
5.526952017321421e-05
1.3643873851852849e-05
1.24151812454879e-05
3.8207732196844756e-05
2.920646102053224e-05
2.3660619414625854e-05
6.038213521259378e-05
3.272932923367821e-05
1.6553029286704567e-05
1.461814337105483e-05
6.563469133338705e-05
4.6411353783400484e-05
2.1653393878229055e-05
4.2820270779431666e-05
2.5176103594810394e-05
3.355054155374757e-05
3.9268587353733424e-05
1.5798700940252923e-05
2.574275441229485e-05
5.766644497494923e-05
4.190508364469816e-05
1.4257777671641809e-05
3.141256660455972e-05
4.326457733506791e-05
1.2846974481545726e-05
3.462079586702161e-05
3.2202655487313334e-05
1.7427256215337196e-05
1.3891928023230395e-05
1.3094427808832005e-05
4.020528492203402e-05
3.400072826274333e-05
2.7675232624989643e-05
1.6471191058931844e-05
5.170456212516565e-05
6.474041327690042e-05
5.917279136126636e-05
2.0721287710478604e-05
1.5503089417642162e-05
2.2080248137381873e-05
5.471034916886417e-05
2.6679630826255236e-05
6.996302995222925e-05
4.6498138987701144e-05
2.655117334572504e-05
4.3062085526448e-05
4.585094683090464e-05
3.41303936513682e-05
4.12793080398487e-05
1.6668249129814404e-05
3.0001681107923587e-05
6.69061260522105e-05
6.521593177084771e-05
2.3025034791601817e-05
2.1213589262573844e-05
3.0203649620237142e-05
2.3683622241089163e-05
6.647977448948426e-05
3.2823109443111685e-05
2.255895851011654e-05
1.4749972751320382e-05
2.8431132939326217e-05
4.759589043248493e-05
5.5885634571675816e-05
4.619505575268813e-05
1.2872812082588234e-05
4.2221304281586636e-05
3.2387622366314063e-05
3.214122122385636e-05
1.4144248145262263e-05
1.380877266858447e-05
4.2300709083003636e-05
3.9528773245408565e-05
3.232585587332669e-05
2.6270616811144814e-05
1.4059663223259181e-05
4.445678262155941e-05
4.159108974896533e-05
3.7598443934481645e-05
3.069949003845644e-05
2.2515037816489622e-05
6.964521468228992e-05
2.826753442973179e-05
2.616929114656657e-05
5.496385690225124e-05
4.395976126339956e-05
7.092463803211042e-05
3.6338224864443394e-05
2.772859095792632e-05
2.025964023026982e-05
5.199319536425731e-05
2.064029393459387e-05
6.016054600463262e-05
2.182319204594604e-05
1.6357260281248343e-05
2.5767662211992286e-05
6.350757962155811e-05
4.202340465279367e-05
1.94798317784177e-05
3.1683969678255465e-05
1.8345014862131963e-05
1.3199963516366422e-05
1.530385281926489e-05
3.4785731615369774e-05
5.2770291539191685e-05
1.7687439303894506e-05
6.287061870662985e-05
1.369863182117338e-05
1.8857928520958904e-05
3.8643395541836395e-05
1.6635252006005957e-05
2.450214523259933e-05
6.654052573204267e-05
3.6269391163468744e-05
2.2624991219353462e-05
2.0140818082119127e-05
2.867820472149421e-05
2.027950818652417e-05
5.729551517250489e-05
2.0701011171183475e-05
1.3961586117610454e-05
2.2015717448892717e-05
4.077734369038089e-05
2.644882749361636e-05
2.8899521449594928e-05
4.5339294151670606e-05
5.8576667172625905e-05
3.990328025076337e-05
1.5002059757017849e-05
2.704243635036846e-05
4.991117566370674e-05
4.8356209289518735e-05
5.326149531128225e-05
4.844640437358617e-05
6.462204201431388e-05
4.871793807518864e-05
2.0599909266256205e-05
4.954113539307367e-05
2.1695726086310534e-05
5.208974188534826e-05
2.5322780479652545e-05
6.049321638460126e-05
3.99409138614656e-05
1.665174283750024e-05
2.7120783200359016e-05
6.67230914604352e-05
4.876333234409035e-05
2.2824185748193438e-05
4.9679597721139324e-05
2.943161640982175e-05
5.252628626852237e-05
6.172781230295979e-05
6.201167526640657e-05
1.777498007762759e-05
1.804006661449801e-05
1.39058332627717e-05
1.4545387531746958e-05
4.031908963293436e-05
4.576529651182882e-05
2.7916109785901685e-05
4.104691479884681e-05
5.301535979241577e-05
2.9488160256887323e-05
6.374069658406652e-05
6.206859440566396e-05
1.9710745120898877e-05
1.8093530458485684e-05
1.9006946335459408e-05
1.4676595924559065e-05
1.7035326727685125e-05
4.693435546817535e-05
7.105378284061857e-05
4.429052527186234e-05
2.7889248392512715e-05
3.717387301025108e-05
5.286819104307106e-05
2.173813642714643e-05
6.321730630263121e-05
2.5470263123432776e-05
1.919478371910827e-05
4.062405111690141e-05
1.7548221388985546e-05
2.8568146269662393e-05
1.3373179076650634e-05
5.666483427968759e-05
3.609784320889734e-05
1.3467338427147105e-05
1.984663634978549e-05
3.682351305543271e-05
1.9403430350532784e-05
2.111012436839684e-05
1.8129256195039615e-05
2.334078547185747e-05
1.476468972382281e-05
3.1442614021363195e-05
4.772924359278137e-05
1.2885749334732913e-05
4.658507655844656e-05
3.2480480502784975e-05
4.330518290338642e-05
1.4272029368217866e-05
3.471966877514158e-05
4.3386501480510906e-05
1.7582928412538544e-05
3.491821234399946e-05
1.345384875743921e-05
1.789822553363145e-05
3.6719012305199095e-05
1.4200905501539997e-05
2.092508742858476e-05
4.278009258044122e-05
2.2735451344220273e-05
3.3454805787841286e-05
2.9094492924646555e-05
1.5658015788538992e-05
5.971965163958071e-05
5.624800246018678e-05
1.5972273713074886e-05
1.3147095363099388e-05
5.94456321950007e-05
3.439112196202075e-05
1.5736027196066962e-05
1.7069073833929278e-05
5.703193595980372e-05
7.144253869043548e-05
1.3753597846398398e-05
2.8376501208620103e-05
3.90837270889422e-05
5.557677683710699e-05
2.53718516287759e-05
1.2642035050429348e-05
4.016741717236467e-05
3.075832570304126e-05
2.7595376573040836e-05
7.002675565356812e-05
5.127442966729608e-05
2.6628177673285833e-05
5.771961833306807e-05
4.623823948459854e-05
1.4300573229850079e-05
4.234046408770458e-05
4.363131884629953e-05
3.2418547268974076e-05
3.552027304075863e-05
1.41867210534348e-05
1.8876495181485294e-05
4.2659770418446716e-05
1.6684770896516898e-05
3.316913915573697e-05
6.708963061802023e-05
1.5243038336540966e-05
2.3227551170237743e-05
5.218645657787962e-05
3.0994732147896036e-05
6.082760982583318e-05
7.157256560158092e-05
1.6951234795065254e-05
2.854069391939588e-05
7.009053567013664e-05
5.6508184131200645e-05
2.6705392542679107e-05
1.3346391134214683e-05
4.6628602558672013e-05
3.589299334258436e-05
4.34272145478879e-05
1.9498976500602203e-05
3.501788433342707e-05
1.8399332529430635e-05
1.8057871280387346e-05
1.5441525930009832e-05
1.4588999794765539e-05
5.4106397226918005e-05
4.615190989624128e-05
6.770472106941853e-05
4.210245966903234e-05
2.3914814100452807e-05
3.186613024554386e-05
3.3774928874011e-05
1.3440371884665718e-05
1.6131631273450968e-05
3.6614790582640354e-05
6.110759319802465e-05
2.0741583006975586e-05
1.7204695501704016e-05
2.2144957368867986e-05
1.2591286269807115e-05
2.6912332260408493e-05
3.0406898492481954e-05
4.768475361404995e-05
6.776651959420622e-05
4.6454727355220907e-05
2.398458585568595e-05
4.294101821728427e-05
3.406550288800032e-05
3.383929853610206e-05
1.6569443017242462e-05
1.622796652124134e-05
6.58149293219837e-05
6.212556248430438e-05
2.184450499428638e-05
1.81471440590421e-05
2.5842522054129412e-05
1.4808924076715426e-05
4.238025420004041e-05
4.813141073350073e-05
3.251148888045235e-05
4.777377253892546e-05
1.431486541883661e-05
4.671576914389982e-05
4.3754213652768296e-05
4.3672247703971976e-05
3.582495346328251e-05
3.562156123251908e-05
1.938437428184e-05
1.904437428764078e-05
1.8075692556884676e-05
1.713675779737391e-05
1.4632735816015214e-05
1.2440195440181757e-05
4.654158871178674e-05
2.9375174734457e-05
4.318347349265383e-05
6.138878364973362e-05
3.442384449299318e-05
1.7461736999802838e-05
1.7119813053008945e-05
1.3173504320133825e-05
1.2402692026165494e-05
3.458789716013628e-05
2.9122446966288393e-05
1.7375655726889263e-05
5.988463099496796e-05
1.2976655556747088e-05
1.61156280893315e-05
3.313754055825744e-05
6.09394586319513e-05
1.5197577629284504e-05
1.70521923860528e-05
5.175256303645568e-05
7.124791267444648e-05
5.933635469096371e-05
2.813188051631878e-05
1.5642457480739994e-05
5.420661973404998e-05
5.609243301838151e-05
6.807630503121383e-05
1.3028874370658696e-05
2.4336335131836933e-05
3.351860101361446e-05
3.555400562161167e-05
1.5751673541748395e-05
1.8932298870588462e-05
5.718994675115319e-05
1.6834165388547877e-05
1.3878035949945122e-05
6.876250497621509e-05
4.0091782238462155e-05
2.512738964701184e-05
2.7436315657249203e-05
3.904685336429797e-05
5.0424217916946854e-05
2.5298278487847607e-05
5.491306739971144e-05
3.982811301749322e-05
7.073133257802122e-05
2.6886382360855376e-05
2.7489239680564655e-05
4.755151716653949e-05
5.070614086995577e-05
4.606573168661631e-05
5.583404677028239e-05
4.1865712932141104e-05
1.2834074110697145e-05
3.132258652995476e-05
3.211054549362255e-05
1.273131201088659e-05
1.3767371948228767e-05
3.1382546232156185e-05
3.9194544811453145e-05
1.2808310173536386e-05
2.5593783813155477e-05
3.192706928068899e-05
4.1201706569367164e-05
1.352142530336005e-05
2.9829578606850487e-05
3.724432023427729e-05
6.415058078149965e-05
2.186583759387534e-05
2.0121078507509395e-05
2.5917586967345103e-05
2.021995946551241e-05
4.2739949806591015e-05
2.0519363723181542e-05
3.335932722778961e-05
2.1442900130824846e-05
1.5518516538170048e-05
2.4454662482542833e-05
5.486232191036553e-05
3.606362535175033e-05
7.05385202014768e-05
1.9788289224931823e-05
2.7251837020536155e-05
1.9232561089836138e-05
4.9449028480008e-05
1.7652537256381825e-05
5.18006057542179e-05
1.3616572657241696e-05
5.950034164482043e-05
3.7991636711805874e-05
1.578301040086985e-05
2.325015647199972e-05
5.7507200272971537e-05
3.1083824975066003e-05
1.413011728164517e-05
1.2427682379937757e-05
4.2181654427463685e-05
2.9290703417311716e-05
3.204927672078196e-05
6.088351016395654e-05
1.3684922852496235e-05
1.700164272419555e-05
3.853404386525024e-05
7.066700705676643e-05
2.4289155612976258e-05
2.7409889680073954e-05
3.5352061382689773e-05
5.028380867130404e-05
1.8599800715774504e-05
5.4457938242890746e-05
1.5956420127922815e-05
6.901363332945592e-05
5.9281786561699715e-05
2.542101245909528e-05
1.5595870272592945e-05
4.039512760137438e-05
5.5628141732903e-05
2.8077790947168447e-05
1.2680223737205573e-05
5.3906473356056976e-05
3.102440299820864e-05
6.696724196656144e-05
1.2352854087125459e-05
2.309235435593856e-05
2.8788662664715455e-05
3.0465205822891747e-05
5.793277169784833e-05
6.813842097288026e-05
1.4472974553809271e-05
2.4407266554972958e-05
4.512769227476928e-05
3.585895821926868e-05
3.9342761396993316e-05
1.944159560309692e-05
2.5892542511630622e-05
1.823683391835301e-05
4.261973374627401e-05
1.5031983690499701e-05
3.307442836264284e-05
5.019040643270296e-05
1.5107040853218338e-05
5.415648673711353e-05
5.089491049194244e-05
6.789027508149082e-05
5.645605770220494e-05
2.4124705983396612e-05
1.3306304488151373e-05
3.465372402214593e-05
3.558776834385567e-05
1.7479001571931163e-05
1.898825843695162e-05
1.3213211982186477e-05
1.698482435146112e-05
3.488504771929535e-05
7.047435878156758e-05
1.784530745572417e-05
2.717313326711908e-05
1.407372737310456e-05
4.903653279307989e-05
4.170857743940168e-05
5.051802839045303e-05
3.096508802641733e-05
5.5218465849292076e-05
7.137760814832649e-05
1.2377749290280392e-05
2.8294739091305925e-05
2.8955101580756756e-05
5.511648984217248e-05
5.890112445301124e-05
7.15075244937375e-05
1.527341693490672e-05
2.8458485963114057e-05
5.247761239648003e-05
5.6040666248902225e-05
6.184121109682073e-05
1.298969164319623e-05
1.788056971282799e-05
3.323242146834424e-05
1.415839238718299e-05
1.5334346090803473e-05
4.2420079448768186e-05
5.306450137760426e-05
3.260468133597411e-05
6.391605998103879e-05
1.4444105024306534e-05
1.9885624689651194e-05
4.487499440710853e-05
1.951813899968907e-05
3.867991090073368e-05
1.845380218903269e-05
2.4573532474425195e-05
1.5580370398721453e-05
3.6580111894900584e-05
5.547418043223596e-05
2.0680753372892298e-05
1.2565984314296441e-05
2.1951364843309966e-05
3.0232606608317845e-05
2.6219907822925958e-05
6.666218417648509e-05
4.420761579045769e-05
2.2757604367466028e-05
3.6963282631649006e-05
2.9178430992887833e-05
2.1359244871737335e-05
6.0215871759561266e-05
2.4171584078414265e-05
1.640599617890365e-05
3.485191273937482e-05
6.403321982904746e-05
1.7792537315978635e-05
2.0003024319926415e-05
1.3947628095964396e-05
1.986612148362408e-05
4.0662323395691714e-05
1.9460704817717766e-05
2.8650652708871813e-05
1.829084879037523e-05
5.713723094503015e-05
1.5167341804282295e-05
1.383643861078473e-05
5.1465183488196055e-05
3.975307891907025e-05
5.836129375559018e-05
2.6731177712236368e-05
1.4823696713833417e-05
4.675940979099949e-05
4.826617185400029e-05
4.3795250802855755e-05
4.817629181178343e-05
3.592705885842891e-05
4.790759349808932e-05
1.955651739030221e-05
4.710991558295845e-05
1.856319907697469e-05
4.479105755869949e-05
1.5861610799761937e-05
3.8461304480614234e-05
5.830756649081529e-05
2.414813429792508e-05
1.477942059402276e-05
3.4752685422074636e-05
4.7862947459930516e-05
1.7635110660346788e-05
4.6978187815365273e-05
1.3575717843799967e-05
4.441516341123125e-05
3.766964764990572e-05
3.7491875677785936e-05
2.2647042636950904e-05
2.2318391707100338e-05
2.876101065282077e-05
2.7542259931491592e-05
5.777283764769651e-05
5.0989542395007884e-05
1.434349037305011e-05
5.6769493791282004e-05
4.400097949143128e-05
1.3548545819784403e-05
3.644170589357241e-05
3.7456416105402815e-05
2.0439115713153345e-05
2.225320410331545e-05
2.1192858050064225e-05
2.730442552727967e-05
2.361467699549875e-05
4.972583248304957e-05
3.254252512966827e-05
5.2672562112346585e-05
1.435782316226634e-05
6.252571260467094e-05
4.412485212037824e-05
1.852666552185814e-05
3.675381485130199e-05
1.5767334605693942e-05
2.098659554036058e-05
5.7348367860646973e-05
2.293556347041972e-05
1.4003539578611095e-05
2.9858197615883965e-05
4.112424223066106e-05
6.43269999780428e-05
2.965840655162612e-05
2.029939454658098e-05
6.310154530340403e-05
2.07618970768854e-05
1.9081871880855385e-05
2.2209845604533146e-05
1.7238759784727145e-05
2.7146946336968607e-05
1.266748204841118e-05
4.889975348211653e-05
3.093547061136138e-05
5.009716702707033e-05
7.118314765613112e-05
5.385660075667154e-05
2.8050782935955564e-05
6.678405084029733e-05
5.375698535643991e-05
2.289095096312755e-05
6.641907517870583e-05
2.9686870812308154e-05
2.2493107751377885e-05
6.327526136517846e-05
2.8186068285970747e-05
1.925147611083306e-05
5.4508332894455214e-05
1.7704914783843617e-05
6.920254262967605e-05
1.3739836794366189e-05
2.564335010347954e-05
3.897320402746717e-05
4.1434923277351806e-05
2.515173549635778e-05
3.0348696297532048e-05
3.915757278552248e-05
6.739651897187783e-05
2.5519603774849172e-05
2.3568818767944132e-05
4.085419371419132e-05
3.235672524216953e-05
2.906656416901275e-05
1.410189564188073e-05
5.9555098276583874e-05
4.1944489149974245e-05
1.5830126303600444e-05
3.1502790078867684e-05
5.798617520585644e-05
1.2963631863206571e-05
1.4516381282172076e-05
3.30429147172403e-05
4.550924622444028e-05
1.5061964106378848e-05
4.0357091782602365e-05
5.0471102700725235e-05
2.79968403567428e-05
5.506556808814232e-05
5.345917504584307e-05
7.131273282409261e-05
6.533532136530866e-05
2.8213199047870846e-05
2.1338379262941536e-05
5.465977937979491e-05
2.4101299116494518e-05
6.977217831324284e-05
3.455502787700563e-05
2.632141826814817e-05
1.7324199726990818e-05
4.470726819602854e-05
1.2859887135185831e-05
3.824386030121726e-05
3.229501423658921e-05
2.372969121805958e-05
1.4017550570152762e-05
3.301142934195922e-05
4.124049014906767e-05
1.5017014669695065e-05
2.9915513257975106e-05
5.005060830446242e-05
6.468120228782168e-05
5.370724248613576e-05
2.0660514299419833e-05
6.623728842759359e-05
2.18871898616325e-05
2.2296642502185344e-05
2.5992857475316413e-05
2.7462765650633818e-05
4.310251251443773e-05
5.0564995019167015e-05
3.422794797892066e-05
5.537176163905852e-05
1.6817503739956386e-05
1.249036715274221e-05
6.857472027220509e-05
2.9715360810160472e-05
2.490927509135046e-05
6.344942527759596e-05
3.806354049911723e-05
1.9422504119162252e-05
2.338622489695015e-05
1.8182969851209725e-05
3.162346772532662e-05
1.4897769350550862e-05
1.3120736555777991e-05
4.8945306745820754e-05
3.4195400746429775e-05
5.023708718143951e-05
1.6767612321518665e-05
5.4307016327845895e-05
6.801424209657097e-05
6.844979724896318e-05
2.4265598227166262e-05
2.4764858950934937e-05
3.5251494486848026e-05
3.742098807944512e-05
1.8435628723267536e-05
2.2188196274778512e-05
1.5533958183727612e-05
2.706852822718406e-05
5.5014690453286076e-05
4.849156111369309e-05
7.111843772592046e-05
4.885424001538957e-05
2.7969905747386326e-05
4.9957612655564447e-05
5.331085086494341e-05
5.3409690697721426e-05
6.479967502167316e-05
6.515631361037085e-05
2.078222993643175e-05
2.1151453008529426e-05
2.2274913306653392e-05
2.347735431180043e-05
2.7383487698786925e-05
3.19881180444998e-05
5.0143766392202593e-05
1.3602941467129518e-05
5.400634852720138e-05
3.788402051376419e-05
6.73350363672375e-05
2.304745403854197e-05
2.3500188970884424e-05
3.0290599061550752e-05
3.207989733361606e-05
6.70284101414236e-05
1.3726088780538871e-05
2.3159859656079675e-05
3.886297489946846e-05
3.072889460687346e-05
2.4933421549569943e-05
6.983574132467122e-05
3.817163619092374e-05
2.6397794176499515e-05
2.359173736677986e-05
4.508548335819594e-05
3.2449499973381314e-05
3.9231549658507536e-05
1.4229314687217205e-05
2.5668167185767006e-05
4.302169416700409e-05
4.155199635390699e-05
3.4033101070195396e-05
3.0611435277225703e-05
1.6520247951054858e-05
6.907654940347985e-05
6.527560100903331e-05
2.549492219118047e-05
2.127589786522389e-05
4.07389696545719e-05
2.389159943951362e-05
2.8816339729193307e-05
3.367859045328749e-05
5.809312067965153e-05
1.598814219898056e-05
1.4603564701367424e-05
5.960990212788188e-05
4.628146112278185e-05
1.587737525520209e-05
4.245993986266603e-05
5.846888751842721e-05
3.269812526519202e-05
1.4912625854625505e-05
1.4574448639071565e-05
4.90822056411533e-05
4.6022699271933375e-05
5.0659051225821156e-05
4.174780926588026e-05
5.5679551138444405e-05
3.105410059978344e-05
1.2718521692965609e-05
1.2390214711312662e-05
3.129264715490323e-05
2.9038660678084573e-05
1.2692977566992212e-05
5.9390969889560726e-05
3.1113576146519096e-05
1.5689176339102556e-05
1.2465257380763092e-05
5.6560355679706866e-05
2.9544806447854754e-05
1.3386592135346886e-05
6.241113832908065e-05
3.6200680146444765e-05
1.841747217497695e-05
2.0022654470612344e-05
1.548767680934525e-05
1.992468538094641e-05
5.455877127772533e-05
1.9633488174103812e-05
6.939193579823027e-05
1.8783834324372217e-05
2.586752088035716e-05
1.6438563048061325e-05
4.2499835470533766e-05
6.438590727453736e-05
3.279182129920165e-05
2.035916420892805e-05
1.4705905097173217e-05
2.0945571190827516e-05
4.719792667886873e-05
2.2801971551955847e-05
4.5043311523986175e-05
2.9346992157422158e-05
3.912063355368793e-05
6.12199242604897e-05
2.5445626552451084e-05
1.7307079770114036e-05
4.0509437349250695e-05
1.2821186011678279e-05
2.832196842774473e-05
3.201868363208311e-05
5.526952017321421e-05
1.3643873851852849e-05
1.24151812454879e-05
3.8207732196844756e-05
2.920646102053224e-05
2.3660619414625854e-05
6.038213521259378e-05
3.272932923367821e-05
1.6553029286704567e-05
1.461814337105483e-05
6.563469133338705e-05
4.6411353783400484e-05
2.1653393878229055e-05
4.2820270779431666e-05
2.5176103594810394e-05
3.355054155374757e-05
3.9268587353733424e-05
1.5798700940252923e-05
2.574275441229485e-05
5.766644497494923e-05
4.190508364469816e-05
1.4257777671641809e-05
3.141256660455972e-05
4.326457733506791e-05
1.2846974481545726e-05
3.462079586702161e-05
3.2202655487313334e-05
1.7427256215337196e-05
1.3891928023230395e-05
1.3094427808832005e-05
4.020528492203402e-05
3.400072826274333e-05
2.7675232624989643e-05
1.6471191058931844e-05
5.170456212516565e-05
6.474041327690042e-05
5.917279136126636e-05
2.0721287710478604e-05
1.5503089417642162e-05
2.2080248137381873e-05
