4567
710
1702
1153
455
645
388
958
187
60
1421
1040
1449
306
1533
1778
1785
683
704
1072
1135
402
591
229
796
1547
1411
1827
1419
830
1443
1513
1515
1725
1731
524
542
595
649
808
970
1447
96
1527
1148
1767
630
650
913
973
1762
105
635
1175
928
711
1807
1156
770
654
1333
985
1185
141
741
1283
1246
1035
924
291
1795
1733
734
548
1225
667
861
1024
1606
258
167
1634
1361
251
1269
1613
993
188
165
1424
1355
1458
1251
1560
939
29
3
947
869
27
1630
941
239
9
1577
887
80
1684
1100
401
486
226
481
1538
466
1800
421
749
286
1270
1718
996
503
174
532
1382
619
1332
880
1182
1663
732
338
1219
37
843
971
1552
99
5
1157
875
657
1648
994
293
168
1739
1364
566
1278
721
1020
1186
246
744
1598
1255
143
951
1289
39
1053
977
345
117
58
1211
1034
819
288
1480
1724
1626
521
227
586
1541
781
1809
1366
776
1284
1351
1038
1239
300
903
1760
1732
629
545
910
658
1753
997
608
177
847
1391
1564
1359
41
1263
983
975
135
111
1265
1193
981
765
129
1318
1247
1140
927
606
1804
841
761
1546
1306
1824
1104
821
498
1486
517
1644
574
281
745
1703
1258
458
960
397
66
214
1058
1502
360
1692
103
425
1169
298
693
1754
1102
611
492
856
499
1591
520
122
583
1226
772
864
1339
1615
1203
194
795
1442
1408
1512
1410
1722
1416
515
1434
568
1488
727
1650
1204
299
798
1757
1417
620
1437
883
1497
1672
1677
365
380
118
163
1214
1349
828
1233
1507
885
1707
1678
470
383
433
172
322
1376
1826
1314
827
1128
1504
570
1698
733
443
1222
352
852
79
1579
1097
86
477
1118
454
540
385
643
178
952
1394
42
1368
986
1290
144
1056
1292
354
1062
85
372
1115
139
531
1277
616
1017
871
237
1636
1571
257
62
1631
1046
242
324
1586
1832
107
845
1181
1558
729
23
1210
929
816
1810
1471
779
1599
1360
146
1266
1298
984
1080
138
426
1274
301
1008
1763
210
638
1490
937
1656
1834
317
851
1811
1576
782
77
1369
1091
1293
459
1065
400
381
223
166
1529
1358
1773
1260
668
966
1027
84
267
1112
1661
522
332
589
19
790
917
1393
1774
1365
671
1281
1036
1029
294
273
1742
1679
575
386
748
181
1267
1403
987
1395
147
1371
1301
1299
1089
1083
453
435
382
328
169
7
1367
881
1287
1666
1047
347
327
64
4
1052
872
342
1639
49
266
1007
1658
207
323
1481
1829
1629
836
236
1531
1568
1779
53
686
1019
1081
243
429
1589
310
116
1790
1208
719
810
1180
1453
726
1545
1201
1821
789
812
1390
1459
1356
1563
1254
38
948
974
30
108
950
1184
36
738
968
1237
90
897
1130
1714
576
491
751
496
1276
511
1014
556
228
691
1544
1096
1818
474
803
445
1432
358
1482
97
1632
1151
245
639
1595
940
134
6
1262
878
972
1657
102
320
1166
1820
684
809
1075
1450
411
1536
256
1794
1628
731
233
1216
1559
834
26
1525
938
1761
0
632
860
919
1603
1780
158
689
1334
1090
1188
456
750
391
1273
196
1005
1448
201
1530
1463
1776
1575
677
74
1054
1082
348
432
67
319
1061
1817
369
800
130
1423
1250
1455
936
1551
1831
2
842
866
1549
1621
1833
212
848
1496
1567
1674
50
371
1010
136
216
1268
1508
990
1710
156
479
1328
460
1170
403
696
232
1111
1556
519
17
580
911
763
1756
1312
617
1122
874
552
1645
679
284
1060
1712
366
485
121
478
1223
457
855
394
1588
205
113
1475
1199
1611
783
182
1372
1406
1302
1404
1092
1398
462
1380
409
1326
250
1164
1610
678
179
1057
1397
357
1377
94
1317
1142
1137
612
597
859
814
1600
1465
149
1581
1307
92
1107
1136
507
594
544
805
655
1438
988
1500
150
1686
1310
407
1116
244
534
1592
625
125
898
1235
1717
891
500
1696
523
437
592
334
799
25
1420
935
1446
1828
1524
833
1758
1522
623
1752
892
605
1699
838
446
1537
361
1797
106
740
1178
1243
720
915
1183
1768
735
653
1228
982
870
132
1633
1256
248
954
1604
48
161
1004
1343
198
1215
1454
831
1548
1516
1830
1734
839
551
1540
676
1806
1051
767
339
1324
40
1158
980
660
126
1003
1238
195
900
1445
1723
1521
518
1749
577
596
754
811
1285
1456
1041
1554
309
11
1787
893
710
1702
1153
455
645
388
958
187
60
1421
1040
1449
306
1533
1778
1785
683
704
1072
1135
402
591
229
796
1547
1411
1827
1419
830
1443
1513
1515
1725
1731
524
542
595
649
808
970
1447
96
1527
1148
1767
630
650
913
973
1762
105
635
1175
928
711
1807
1156
770
654
1333
985
1185
141
741
1283
1246
1035
924
291
1795
1733
734
548
1225
667
861
1024
1606
258
167
1634
1361
251
1269
1613
993
188
165
1424
1355
1458
1251
1560
939
29
3
947
869
27
1630
941
239
9
1577
887
80
1684
1100
401
486
226
481
1538
466
1800
421
749
286
1270
1718
996
503
174
532
1382
619
1332
880
1182
1663
732
338
1219
37
843
971
1552
99
5
1157
875
657
1648
994
293
168
1739
1364
566
1278
721
1020
1186
246
744
1598
1255
143
951
1289
39
1053
977
345
117
58
1211
1034
819
288
1480
1724
1626
521
227
586
1541
781
1809
1366
776
1284
1351
1038
1239
300
903
1760
1732
629
545
910
658
1753
997
608
177
847
1391
1564
1359
41
1263
983
975
135
111
1265
1193
981
765
129
1318
1247
1140
927
606
1804
841
761
1546
1306
1824
1104
821
498
1486
517
1644
574
281
745
1703
1258
458
960
397
66
214
1058
1502
360
1692
103
425
1169
298
693
1754
1102
611
492
856
499
1591
520
122
583
1226
772
864
1339
1615
1203
194
795
1442
1408
1512
1410
1722
1416
515
1434
568
1488
727
1650
1204
299
798
1757
1417
620
1437
883
1497
1672
1677
365
380
118
163
1214
1349
828
1233
1507
885
1707
1678
470
383
433
172
322
1376
1826
1314
827
1128
1504
570
1698
733
443
1222
352
852
79
1579
1097
86
477
1118
454
540
385
643
178
952
1394
42
1368
986
1290
144
1056
1292
354
1062
85
372
1115
139
531
1277
616
1017
871
237
1636
1571
257
62
1631
1046
242
324
1586
1832
107
845
1181
1558
729
23
1210
929
816
1810
1471
779
1599
1360
146
1266
1298
984
1080
138
426
1274
301
1008
1763
210
638
1490
937
1656
1834
317
851
1811
1576
782
77
1369
1091
1293
459
1065
400
381
223
166
1529
1358
1773
1260
668
966
1027
84
267
1112
1661
522
332
589
19
790
917
1393
1774
1365
671
1281
1036
1029
294
273
1742
1679
575
386
748
181
1267
1403
987
1395
147
1371
1301
1299
1089
1083
453
435
382
328
169
7
1367
881
1287
1666
1047
347
327
64
4
1052
872
342
1639
49
266
1007
1658
207
323
1481
1829
1629
836
236
1531
1568
1779
53
686
1019
1081
243
429
1589
310
116
1790
1208
719
810
1180
1453
726
1545
1201
1821
789
812
1390
1459
1356
1563
1254
38
948
974
30
108
950
1184
36
738
968
1237
90
897
1130
1714
576
491
751
496
1276
511
1014
556
228
691
1544
1096
1818
474
803
445
1432
358
1482
97
1632
1151
245
639
1595
940
134
6
1262
878
972
1657
102
320
1166
1820
684
809
1075
1450
411
1536
256
1794
1628
731
233
1216
1559
834
26
1525
938
1761
0
632
860
919
1603
1780
158
689
1334
1090
1188
456
750
391
1273
196
1005
1448
201
1530
1463
1776
1575
677
74
1054
1082
348
432
67
319
1061
1817
369
800
130
1423
1250
1455
936
1551
1831
2
842
866
1549
1621
1833
212
848
1496
1567
1674
50
371
1010
136
216
1268
1508
990
1710
156
479
1328
460
1170
403
696
232
1111
1556
519
17
580
911
763
1756
1312
617
1122
874
552
1645
679
284
1060
1712
366
485
121
478
1223
457
855
394
1588
205
113
1475
1199
1611
783
182
1372
1406
1302
1404
1092
1398
462
1380
409
1326
250
1164
1610
678
179
1057
1397
357
1377
94
1317
1142
1137
612
597
859
814
1600
1465
149
1581
1307
92
1107
1136
507
594
544
805
655
1438
988
1500
150
1686
1310
407
1116
244
534
1592
625
125
898
1235
1717
891
500
1696
523
437
592
334
799
25
1420
935
1446
1828
1524
833
1758
1522
623
1752
892
605
1699
838
446
1537
361
1797
106
740
1178
1243
720
915
1183
1768
735
653
1228
982
870
132
1633
1256
248
954
1604
48
161
1004
1343
198
1215
1454
831
1548
1516
1830
1734
839
551
1540
676
1806
1051
767
339
1324
40
1158
980
660
126
1003
1238
195
900
1445
1723
1521
518
1749
577
596
754
811
1285
1456
1041
1554
309
11
1787
893
710
1702
1153
455
645
388
958
187
60
1421
1040
1449
306
1533
1778
1785
683
704
1072
1135
402
591
229
796
1547
1411
1827
1419
830
1443
1513
1515
1725
1731
524
542
595
649
808
970
1447
96
1527
1148
1767
630
650
913
973
1762
105
635
1175
928
711
1807
1156
770
654
1333
985
1185
141
741
1283
1246
1035
924
291
1795
1733
734
548
1225
667
861
1024
1606
258
167
1634
1361
251
1269
1613
993
188
165
1424
1355
1458
1251
1560
939
29
3
947
869
27
1630
941
239
9
1577
887
80
1684
1100
401
486
226
481
1538
466
1800
421
749
286
1270
1718
996
503
174
532
1382
619
1332
880
1182
1663
732
338
1219
37
843
971
1552
99
5
1157
875
657
1648
994
293
168
1739
1364
566
1278
721
1020
1186
246
744
1598
1255
143
951
1289
39
1053
977
345
117
58
1211
1034
819
288
1480
1724
1626
521
227
586
